Token	      Text	Line	Column (Start,End)
282  	      void	1	(0,4)
285  	         a	1	(5,6)
270  	         ;	1	(6,7)
280  	       int	2	(0,3)
285  	         f	2	(4,5)
272  	         (	2	(5,6)
282  	      void	2	(6,10)
273  	         )	2	(10,11)
276  	         {	2	(12,13)
279  	        if	2	(13,15)
272  	         (	2	(16,17)
286  	         1	2	(17,18)
273  	         )	2	(18,19)
276  	         {	2	(20,21)
279  	        if	2	(22,24)
272  	         (	2	(25,26)
286  	         1	2	(26,27)
273  	         )	2	(27,28)
276  	         {	2	(29,30)
281  	    return	2	(30,36)
286  	         1	2	(37,38)
270  	         ;	2	(38,39)
277  	         }	2	(39,40)
278  	      else	2	(41,45)
276  	         {	2	(46,47)
281  	    return	2	(47,53)
286  	         2	2	(54,55)
270  	         ;	2	(55,56)
277  	         }	2	(56,57)
277  	         }	2	(58,59)
278  	      else	2	(60,64)
279  	        if	2	(65,67)
272  	         (	2	(68,69)
286  	         2	2	(69,70)
273  	         )	2	(70,71)
276  	         {	2	(72,73)
281  	    return	2	(73,79)
286  	         3	2	(80,81)
270  	         ;	2	(81,82)
277  	         }	2	(82,83)
278  	      else	2	(84,88)
276  	         {	2	(89,90)
281  	    return	2	(90,96)
286  	         4	2	(97,98)
270  	         ;	2	(98,99)
277  	         }	2	(99,100)
277  	         }	2	(100,101)
280  	       int	3	(0,3)
285  	     prime	3	(4,9)
272  	         (	3	(9,10)
280  	       int	3	(10,13)
285  	       num	3	(14,17)
273  	         )	3	(17,18)
276  	         {	4	(0,1)
280  	       int	5	(4,7)
285  	         i	5	(8,9)
270  	         ;	5	(9,10)
280  	       int	6	(4,7)
285  	    result	6	(8,14)
270  	         ;	6	(14,15)
280  	       int	7	(4,7)
285  	      sqrt	7	(8,12)
270  	         ;	7	(12,13)
280  	       int	8	(4,7)
285  	      temp	8	(8,12)
274  	         [	8	(12,13)
286  	         1	8	(13,14)
275  	         ]	8	(14,15)
270  	         ;	8	(15,16)
285  	         f	9	(4,5)
272  	         (	9	(5,6)
273  	         )	9	(6,7)
270  	         ;	9	(7,8)
285  	         i	10	(4,5)
269  	         =	10	(6,7)
285  	      sqrt	10	(8,12)
269  	         =	10	(13,14)
286  	         1	10	(15,16)
270  	         ;	10	(16,17)
285  	    result	11	(4,10)
269  	         =	11	(11,12)
286  	         2	11	(13,14)
270  	         ;	11	(14,15)
283  	     while	12	(4,9)
272  	         (	12	(10,11)
285  	    result	12	(11,17)
265  	         >	12	(18,19)
286  	         0	12	(20,21)
273  	         )	12	(21,22)
276  	         {	13	(4,5)
285  	      sqrt	14	(8,12)
269  	         =	14	(13,14)
285  	      sqrt	14	(15,19)
259  	         +	14	(20,21)
286  	         2	14	(22,23)
261  	         *	14	(24,25)
285  	         i	14	(26,27)
260  	         -	14	(28,29)
286  	         1	14	(30,31)
270  	         ;	14	(31,32)
279  	        if	15	(8,10)
272  	         (	15	(11,12)
285  	       num	15	(12,15)
260  	         -	15	(16,17)
285  	      sqrt	15	(18,22)
263  	         <	15	(23,24)
286  	         0	15	(25,26)
273  	         )	15	(26,27)
276  	         {	15	(27,28)
281  	    return	16	(12,18)
285  	    result	16	(19,25)
270  	         ;	16	(25,26)
277  	         }	17	(8,9)
285  	      temp	18	(8,12)
269  	         =	18	(13,14)
285  	       num	18	(15,18)
270  	         ;	18	(18,19)
283  	     while	19	(8,13)
272  	         (	19	(14,15)
285  	      temp	19	(15,19)
274  	         [	19	(19,20)
286  	         0	19	(20,21)
275  	         ]	19	(21,22)
265  	         >	19	(23,24)
286  	         0	19	(25,26)
273  	         )	19	(26,27)
276  	         {	20	(8,9)
285  	      temp	21	(12,16)
274  	         [	21	(16,17)
286  	         0	21	(17,18)
275  	         ]	21	(18,19)
269  	         =	21	(20,21)
285  	      temp	21	(22,26)
274  	         [	21	(26,27)
286  	         0	21	(27,28)
275  	         ]	21	(28,29)
260  	         -	21	(30,31)
285  	         i	21	(32,33)
270  	         ;	21	(33,34)
277  	         }	22	(8,9)
270  	         ;	22	(10,11)
279  	        if	23	(8,10)
272  	         (	23	(11,12)
285  	      temp	23	(12,16)
274  	         [	23	(16,17)
286  	         0	23	(17,18)
275  	         ]	23	(18,19)
267  	        ==	23	(20,21)
286  	         0	23	(22,23)
273  	         )	23	(23,24)
276  	         {	23	(24,25)
285  	    result	24	(12,18)
269  	         =	24	(19,20)
285  	    result	24	(21,27)
260  	         -	24	(28,29)
286  	         1	24	(30,31)
270  	         ;	24	(31,32)
277  	         }	25	(8,9)
285  	         i	26	(8,9)
269  	         =	26	(10,11)
285  	         i	26	(12,13)
259  	         +	26	(14,15)
286  	         1	26	(16,17)
270  	         ;	26	(17,18)
277  	         }	27	(4,5)
270  	         ;	27	(6,7)
281  	    return	28	(4,10)
285  	    result	28	(11,17)
270  	         ;	28	(17,18)
277  	         }	29	(0,1)